47                              1                   0.0000000334        4811                4379.09             1.10                1.12                3747023.75          350                 317.46              1.10                1.10                272541.50           -80.7759            41.0146             F 
63                              1                   0.0000000334        4811                4379.09             1.10                1.12                3747023.75          127                 127.23              1.00                1.00                108186.12           -80.7773            40.7684             F 
48                              1                   0.0000000334        4811                4379.09             1.10                1.12                3747023.75          292                 268.48              1.09                1.09                229658.62           -80.7608            41.3173             F 
10                              1                   0.0000000334        4811                4379.09             1.10                1.12                3747023.75          117                 165.39              0.71                0.71                137428.75           -81.1967            41.1676             F 
21                              1                   0.0000000334        4811                4379.09             1.10                1.12                3747023.75          29                  31.84               0.91                0.91                26655.62            -81.0897            40.5796             F 
78                              1                   0.0000000334        4811                4379.09             1.10                1.12                3747023.75          468                 434.08              1.08                1.08                370032.25           -81.3657            40.8139             F 
76                              1                   0.0000000334        4811                4379.09             1.10                1.12                3747023.75          145                 95.59               1.52                1.52                82713.38            -80.761             40.385              F 
65                              1                   0.0000000334        4811                4379.09             1.10                1.12                3747023.75          58                  92.94               0.62                0.62                76862.62            -81.1787            41.4995             F 
58                              1                   0.0000000334        4811                4379.09             1.10                1.12                3747023.75          660                 596.07              1.11                1.11                508411.12           -81.5322            41.126              F 
14                              1                   0.0000000334        4811                4379.09             1.10                1.12                3747023.75          26                  18.10               1.44                1.44                15769.25            -81.0911            40.2938             F 
22                              1                   0.0000000334        4811                4379.09             1.10                1.12                3747023.75          118                 117.17              1.01                1.01                99493.12            -80.759             41.8964             F 
49                              1                   0.0000000334        4811                4379.09             1.10                1.12                3747023.75          89                  99.07               0.90                0.90                84204.38            -81.4738            40.441              F 
18                              1                   0.0000000334        4811                4379.09             1.10                1.12                3747023.75          255                 253.66              1.01                1.01                213302.50           -81.2509            41.9103             F 
28                              1                   0.0000000334        4811                4379.09             1.10                1.12                3747023.75          132                 88.71               1.49                1.49                76331.75            -80.9885            40.0158             F 
20                              1                   0.0000000334        4811                4379.09             1.10                1.12                3747023.75          1945                1673.28             1.16                1.18                1445432.75          -81.7002            41.635              F 
32                              2                   0.0000115           1211                1015.94             1.19                1.20                873697.88           1211                1015.94             1.19                1.20                873697.88           -84.5428            39.1956             F 
84                              3                   0.0250              396                 315.07              1.26                1.26                264394.25           95                  73.79               1.29                1.29                62203.12            -82.5369            38.5983             F 
6                               3                   0.0250              396                 315.07              1.26                1.26                264394.25           48                  36.30               1.32                1.32                30230.00            -82.3169            38.8247             F 
12                              3                   0.0250              396                 315.07              1.26                1.26                264394.25           44                  36.08               1.22                1.22                30286.88            -82.6184            39.0197             F 
88                              3                   0.0250              396                 315.07              1.26                1.26                264394.25           125                 96.49               1.30                1.30                81558.00            -82.9928            38.804              F 
11                              3                   0.0250              396                 315.07              1.26                1.26                264394.25           13                  13.84               0.94                0.94                11491.25            -82.4854            39.251              F 
83                              3                   0.0250              396                 315.07              1.26                1.26                264394.25           35                  28.61               1.22                1.22                23739.38            -82.0229            39.0822             F 
56                              3                   0.0250              396                 315.07              1.26                1.26                264394.25           36                  29.95               1.20                1.20                24885.62            -83.0669            39.0774             F 
34                              4                   0.0880              141                 98.35               1.43                1.44                83350.62            141                 98.35               1.43                1.44                83350.62            -81.9444            39.9654             F 
5                               5                   0.623               219                 174.00              1.26                1.26                147124.38           219                 174.00              1.26                1.26                147124.38           -83.7845            39.9167             F 
20                              6                   0.749               937                 844.83              1.11                1.11                1445432.75          937                 844.83              1.11                1.11                1445432.75          -81.7002            41.635              F 
39                              7                   0.913               613                 543.21              1.13                1.13                463079.12           613                 543.21              1.13                1.13                463079.12           -83.4682            41.6842             F 
19                              8                   0.992               132                 103.70              1.27                1.27                87195.50            37                  26.21               1.41                1.41                22223.50            -83.3044            40.8424             F 
35                              8                   0.992               132                 103.70              1.27                1.27                87195.50            95                  77.49               1.23                1.23                64972.00            -83.1609            40.5872             F 
