6.559317            
6.583666            
5.308176            
8.438500            
6.005171            
3.589530            
8.938489            
4.687165            
4.813684            
4.633761            
7.026966            
6.924518            
8.192597            
4.430915            
5.965768            
6.143930            
4.771253            
7.500877            
6.789719            
3.618351            
4.046616            
9.754487            
6.820092            
5.910921            
5.092226            
7.783274            
8.980733            
8.421718            
4.999308            
5.546086            
4.714462            
5.289344            
6.911807            
7.269132            
6.097587            
4.787716            
6.286619            
5.151232            
9.320162            
11.128849           
4.900215            
9.689539            
5.713163            
7.314526            
5.205748            
5.704342            
5.844851            
4.563993            
5.175221            
6.760765            
7.234607            
5.619131            
5.510992            
6.694562            
5.828476            
6.689266            
7.828001            
5.509562            
3.790228            
6.740702            
4.139842            
4.021968            
7.784397            
5.810935            
7.009600            
5.374947            
5.834542            
8.086423            
7.955879            
5.718786            
4.226478            
5.292294            
6.280469            
5.018318            
5.540544            
5.459928            
7.668975            
7.204119            
5.918966            
4.987083            
4.649433            
5.117177            
5.664294            
5.953595            
6.681115            
5.131650            
6.988634            
5.106924            
5.157462            
7.872912            
5.071367            
6.674654            
8.900194            
6.106891            
5.097022            
3.835851            
5.978744            
5.263153            
4.377333            
3.731845            
4.439822            
8.676462            
4.237916            
5.894105            
5.672824            
4.862887            
5.032271            
6.303094            
7.677537            
7.309955            
6.576863            
6.651471            
9.081564            
4.927407            
5.482829            
4.583968            
4.944809            
5.333333            
4.554614            
8.440812            
7.861128            
4.479067            
8.965871            
4.533998            
4.398701            
4.786982            
4.746635            
5.511858            
5.316555            
3.930077            
7.199154            
7.102564            
4.311028            
6.220094            
6.676389            
6.526752            
4.703692            
4.754358            
6.945267            
5.025707            
5.143187            
4.502483            
6.617720            
7.209892            
5.470478            
3.102157            
5.582286            
6.394349            
4.876744            
4.666339            
4.517105            
3.987899            
4.998875            
5.405219            
6.746546            
7.421781            
5.838718            
4.062992            
4.815832            
6.168582            
4.305630            
4.711156            
5.012553            
8.984942            
6.561709            
6.171824            
7.130087            
11.230870           
6.727716            
5.042455            
4.610201            
4.138498            
4.266472            
5.624365            
4.708161            
6.381173            
4.512937            
6.556928            
5.237442            
4.011179            
6.117901            
6.472637            
5.270446            
5.034772            
6.550278            
5.009517            
11.995317           
5.815942            
5.365273            
5.539201            
5.225030            
7.056848            
4.541783            
5.498964            
5.632413            
4.846028            
5.266821            
8.347890            
9.405579            
6.172681            
4.161175            
5.731970            
8.625721            
5.317344            
7.254949            
5.261682            
5.582158            
5.304861            
4.281863            
5.135088            
4.293521            
5.154919            
5.214691            
3.589092            
8.105064            
6.236712            
4.692424            
3.908136            
6.333011            
5.681451            
7.310826            
7.000718            
5.953395            
6.052003            
8.637725            
5.780164            
4.496872            
6.911732            
4.316024            
5.240148            
6.329068            
6.999225            
6.484273            
4.870024            
5.823218            
4.487635            
5.535534            
5.117986            
4.001139            
5.149602            
7.954041            
11.022950           
6.338998            
4.985037            
4.109938            
9.470483            
5.802221            
5.248537            
5.963523            
8.638899            
8.324779            
5.277258            
6.014004            
5.421441            
5.561536            
6.878677            
5.287709            
5.189151            
5.889270            
8.656491            
4.472360            
6.274426            
5.091721            
5.529183            
5.951097            
5.016864            
5.884701            
5.185661            
4.639751            
5.052121            
4.555957            
8.383282            
6.371519            
3.939520            
5.744675            
3.517024            
5.160602            
8.505480            
5.219438            
6.589399            
5.737695            
5.553557            
5.897051            
5.717920            
5.224847            
4.895314            
5.455644            
5.121974            
6.572156            
5.047504            
5.482815            
6.658571            
7.008309            
4.252339            
6.333600            
6.517276            
6.514047            
6.466304            
6.152237            
8.074720            
6.872422            
6.629724            
6.037898            
5.725727            
4.807468            
5.681268            
5.778317            
4.926944            
8.300977            
6.383233            
4.737477            
6.332919            
7.577827            
10.235510           
6.342183            
4.243511            
5.448118            
7.458607            
7.821760            
7.790810            
5.312506            
5.990562            
7.055345            
7.849319            
5.294179            
6.733685            
5.879069            
5.137891            
7.076780            
11.045518           
5.295214            
6.150551            
5.601131            
4.815016            
7.275446            
4.075073            
3.219303            
10.112834           
8.216846            
5.158984            
5.246933            
4.717923            
7.991486            
5.424330            
5.418073            
5.492091            
7.002668            
6.477345            
7.136277            
4.424165            
12.684022           
6.582949            
4.311592            
5.869857            
6.697731            
5.074984            
5.610841            
8.719580            
5.434005            
7.740386            
4.093008            
9.082789            
5.623445            
4.827237            
5.665121            
8.177770            
5.880831            
8.431407            
7.873755            
5.833315            
5.864473            
6.355190            
4.976640            
7.841383            
5.564988            
6.830779            
4.493505            
6.216686            
3.529815            
3.926429            
4.685194            
6.020635            
4.916170            
5.181124            
5.642281            
7.215371            
4.986309            
5.802894            
4.025352            
4.219451            
5.478211            
7.057276            
5.893952            
7.042516            
4.554277            
8.332651            
7.145735            
6.691406            
5.063705            
6.884026            
5.546263            
5.801487            
4.699574            
5.355724            
5.096839            
5.366618            
7.811612            
7.291337            
6.990146            
5.571341            
7.422102            
5.606632            
4.934647            
7.172665            
5.768019            
6.082753            
6.387132            
5.558859            
5.798282            
5.795209            
8.124781            
7.848968            
8.202132            
8.848996            
4.149681            
5.421018            
4.934072            
9.363261            
4.892682            
4.527410            
4.834316            
6.203170            
5.488212            
6.238480            
5.495609            
5.583738            
4.913962            
8.002554            
5.109250            
5.772691            
6.298273            
7.801884            
6.414718            
5.211109            
7.134987            
6.000480            
5.143357            
7.219514            
5.046257            
5.407275            
5.930215            
7.345735            
7.352992            
8.641486            
6.528119            
5.049344            
4.703729            
7.354300            
6.204598            
5.696474            
9.988786            
7.328543            
4.284897            
6.833914            
5.347400            
4.848840            
5.227891            
4.726878            
4.209517            
4.939544            
5.152072            
4.485978            
5.029649            
4.783232            
6.678137            
6.337590            
7.347400            
6.900988            
6.702699            
4.379987            
6.226471            
7.800335            
4.795155            
4.222632            
5.714254            
6.513250            
5.923944            
6.303094            
4.771381            
6.022047            
7.421107            
8.346570            
5.691867            
9.188085            
5.908528            
6.532037            
5.235800            
6.173822            
8.424281            
3.564062            
6.757543            
3.938450            
4.836551            
4.736964            
4.405352            
5.915067            
4.715867            
8.005914            
6.727009            
5.258061            
7.388694            
4.753289            
5.997969            
5.787088            
6.519634            
5.685025            
5.732015            
6.364874            
8.835448            
5.828956            
6.375445            
5.249221            
6.746138            
6.789885            
6.357039            
5.276357            
8.340639            
7.662316            
6.700955            
6.398202            
5.198438            
4.191636            
5.281939            
6.657812            
6.175794            
8.095912            
6.533673            
5.526582            
5.779920            
5.788686            
4.988069            
5.568075            
5.011960            
4.731399            
4.403864            
6.709213            
4.088314            
8.202141            
5.712558            
8.081909            
4.244069            
5.201869            
6.919437            
5.251696            
11.987149           
5.346408            
5.197574            
10.251851           
4.595824            
5.310104            
4.361026            
7.719556            
8.085947            
5.881115            
6.985392            
4.212611            
6.595794            
4.900280            
4.505318            
7.698366            
6.651055            
6.930750            
6.587700            
4.942983            
7.460396            
9.166658            
9.075524            
7.059759            
6.670510            
4.994196            
7.015944            
5.029310            
5.330906            
4.803197            
6.732019            
6.927560            
7.485334            
6.290213            
6.801529            
4.497933            
5.809000            
4.090532            
5.973754            
4.994758            
5.838073            
4.920491            
4.815234            
7.484670            
3.798621            
6.071607            
5.556503            
5.535194            
4.178537            
3.696991            
5.576706            
5.797657            
5.533463            
5.998665            
5.992464            
4.876352            
5.469654            
4.194371            
6.763788            
6.516870            
5.771608            
6.578753            
5.079429            
5.315669            
5.925928            
4.666457            
4.320831            
6.140840            
5.838911            
7.182571            
6.587524            
7.097886            
8.020135            
4.250397            
5.447656            
6.003175            
6.607716            
6.299555            
6.031287            
5.203204            
9.804471            
6.071213            
5.428934            
6.418135            
4.800511            
5.189280            
5.987341            
4.642143            
6.089785            
11.393887           
6.562421            
5.736610            
5.309573            
5.266473            
7.347219            
9.398144            
5.710602            
8.893285            
8.223016            
7.225184            
4.689730            
5.574394            
3.891858            
3.633992            
4.433083            
4.677846            
6.265810            
10.326311           
5.908235            
4.803197            
5.157660            
5.994155            
8.052793            
11.916904           
4.772069            
6.940364            
10.403593           
4.626200            
4.690163            
9.972740            
6.251703            
5.560051            
8.034388            
8.570646            
6.108746            
6.295309            
6.188615            
5.885695            
3.603097            
3.183784            
5.637749            
4.321218            
8.420898            
6.653459            
6.314331            
7.367526            
7.442537            
3.752888            
5.391380            
6.054137            
6.263915            
5.371832            
6.774655            
5.372853            
3.226104            
5.488698            
6.708507            
5.310067            
7.788608            
5.189697            
4.196842            
8.425264            
4.880142            
4.513735            
6.050005            
4.629850            
5.899208            
7.669814            
6.457374            
7.157869            
5.192654            
11.946482           
5.402064            
7.961391            
8.593409            
4.805652            
5.865615            
6.159343            
6.168268            
7.487314            
4.170142            
6.909320            
6.902881            
6.676929            
5.271466            
6.322141            
6.310255            
4.959291            
6.407940            
8.247243            
5.650990            
6.285654            
5.006356            
7.177490            
5.944846            
7.907075            
5.163728            
5.550044            
7.393977            
6.117795            
7.149534            
4.556722            
3.887722            
6.216957            
7.501791            
5.356211            
5.743449            
6.512178            
4.679895            
6.122388            
4.317812            
5.647135            
5.929755            
5.349715            
4.429572            
6.670247            
8.132336            
12.482692           
5.340901            
3.963150            
5.014147            
4.482163            
4.561037            
6.758064            
4.777200            
6.707851            
8.492261            
4.687892            
7.632956            
6.733415            
8.038730            
4.320180            
7.155332            
5.181956            
6.848893            
4.993754            
4.619385            
6.571904            
5.789631            
4.531005            
11.115944           
4.472695            
8.358858            
4.834505            
7.954218            
4.758168            
9.616285            
9.023354            
4.060822            
5.905887            
4.149410            
6.451554            
4.920610            
6.929994            
6.954483            
5.419665            
4.078521            
5.456414            
4.423755            
5.792432            
4.064437            
5.138355            
5.838226            
5.845330            
5.951541            
5.633361            
3.826476            
4.610309            
6.054022            
6.701252            
4.942757            
5.207867            
4.708160            
4.909604            
8.314703            
6.843330            
4.473358            
4.660853            
6.109790            
4.788040            
5.394929            
7.405313            
6.485327            
6.617698            
7.488729            
5.865594            
5.819038            
6.693618            
7.388420            
5.756865            
4.799451            
4.848634            
5.852493            
5.717094            
8.894370            
6.649763            
5.188479            
6.636268            
8.425260            
6.228343            
6.326257            
7.917682            
7.492816            
7.855040            
4.492368            
5.936472            
6.716050            
4.880822            
6.369855            
7.805294            
5.033661            
5.567733            
4.969237            
5.699633            
5.203225            
7.241202            
4.685309            
4.602234            
5.954717            
5.393143            
5.754248            
7.320964            
6.639000            
5.617121            
5.040310            
5.991591            
6.283893            
6.668053            
5.162174            
6.008188            
4.818531            
8.650058            
9.859532            
6.677104            
5.218827            
5.018575            
10.178108           
7.173528            
6.505815            
6.569875            
7.169158            
4.845473            
6.146236            
7.493152            
7.080389            
6.463693            
6.139015            
5.706932            
4.986141            
5.410301            
5.631916            
4.710772            
4.455509            
6.679371            
8.054915            
8.002018            
4.261397            
5.991591            
7.369204            
5.425410            
5.405312            
4.759391            
7.238953            
6.298316            
4.253945            
5.305548            
6.588297            
4.553023            
6.973608            
5.596867            
4.433083            
5.127165            
7.221168            
5.017394            
6.939066            
5.291908            
8.736467            
4.712239            
6.821408            
8.733578            
3.017404            
5.006356            
6.362216            
3.993428            
7.321184            
5.392110            
8.240940            
4.988327            
5.546080            
6.128679            
6.332750            
6.346712            
6.184006            
4.716292            
6.078942            
6.531154            
5.754456            
7.263522            
6.438301            
5.878345            
5.354781            
4.825948            
6.004279            
6.303588            
5.786204            
4.135621            
6.715502            
6.430200            
5.294094            
6.262999            
8.679878            
9.010458            
6.472270            
5.311079            
4.295863            
4.729381            
4.815272            
6.814988            
4.083192            
6.517348            
5.415996            
6.460958            
3.985566            
6.125936            
5.502911            
6.642643            
7.686366            
5.543978            
5.250250            
5.143176            
5.769277            
9.080245            
5.943810            
7.278886            
5.988662            
10.338196           
5.419098            
4.518040            
5.466526            
7.598386            
8.098530            
4.663166            
5.817924            
5.093869            
5.151006            
5.944181            
6.187940            
6.463331            
5.018489            
6.114395            
6.232890            
5.441260            
4.206141            
6.813813            
7.605224            
