1                               86                  104.45              0.82                0.82                
10                              219                 329.50              0.66                0.66                
11                              26                  27.68               0.94                0.94                
12                              74                  71.98               1.03                1.03                
13                              2054                2166.99             0.95                0.94                
14                              49                  37.22               1.32                1.32                
15                              98                  110.08              0.89                0.89                
16                              181                 213.85              0.85                0.85                
17                              132                 163.66              0.81                0.81                
18                              493                 506.26              0.97                0.97                
19                              58                  52.54               1.10                1.10                
2                               120                 115.48              1.04                1.04                
20                              3835                3360.12             1.14                1.17                
21                              48                  63.57               0.76                0.75                
22                              224                 236.03              0.95                0.95                
23                              338                 342.74              0.99                0.99                
24                              95                  83.85               1.13                1.13                
25                              620                 651.03              0.95                0.95                
26                              245                 262.98              0.93                0.93                
27                              71                  84.88               0.84                0.84                
28                              226                 179.75              1.26                1.26                
29                              70                  82.30               0.85                0.85                
3                               1416                1331.88             1.06                1.07                
30                              233                 313.56              0.74                0.74                
31                              74                  65.27               1.13                1.13                
32                              2380                2037.23             1.17                1.19                
33                              57                  59.82               0.95                0.95                
34                              246                 197.03              1.25                1.25                
35                              185                 155.51              1.19                1.19                
36                              158                 279.27              0.57                0.56                
37                              46                  33.59               1.37                1.37                
38                              169                 183.12              0.92                0.92                
39                              1208                1086.40             1.11                1.12                
4                               100                 93.12               1.07                1.07                
40                              129                 155.04              0.83                0.83                
41                              43                  90.57               0.47                0.47                
42                              93                  131.32              0.71                0.71                
43                              279                 297.53              0.94                0.94                
44                              64                  86.11               0.74                0.74                
45                              57                  67.43               0.85                0.84                
46                              113                 112.70              1.00                1.00                
47                              733                 639.72              1.15                1.15                
48                              574                 541.31              1.06                1.06                
49                              196                 198.72              0.99                0.99                
5                               406                 347.52              1.17                1.17                
50                              147                 151.62              0.97                0.97                
51                              23                  27.01               0.85                0.85                
52                              40                  49.67               0.81                0.80                
53                              161                 241.59              0.67                0.66                
54                              69                  86.62               0.80                0.80                
55                              55                  70.66               0.78                0.78                
56                              55                  59.69               0.92                0.92                
57                              94                  94.33               1.00                1.00                
58                              1245                1191.94             1.04                1.05                
59                              84                  94.22               0.89                0.89                
6                               70                  72.15               0.97                0.97                
60                              170                 259.89              0.65                0.65                
61                              75                  93.88               0.80                0.80                
62                              89                  83.32               1.07                1.07                
63                              260                 256.17              1.01                1.02                
64                              111                 109.62              1.01                1.01                
65                              116                 184.06              0.63                0.63                
66                              87                  140.19              0.62                0.62                
67                              63                  59.93               1.05                1.05                
68                              546                 634.07              0.86                0.86                
69                              210                 256.58              0.82                0.82                
7                               204                 235.69              0.87                0.86                
70                              137                 145.75              0.94                0.94                
71                              54                  92.45               0.58                0.58                
72                              81                  105.31              0.77                0.77                
73                              76                  75.91               1.00                1.00                
74                              42                  74.68               0.56                0.56                
75                              31                  72.35               0.43                0.43                
76                              272                 194.21              1.40                1.40                
77                              97                  143.00              0.68                0.68                
78                              890                 871.26              1.02                1.02                
79                              91                  82.75               1.10                1.10                
8                               128                 127.48              1.00                1.00                
80                              86                  75.17               1.14                1.14                
81                              121                 147.90              0.82                0.82                
82                              275                 304.69              0.90                0.90                
83                              67                  57.10               1.17                1.17                
84                              165                 147.74              1.12                1.12                
85                              104                 95.48               1.09                1.09                
86                              46                  65.50               0.70                0.70                
87                              53                  80.25               0.66                0.66                
88                              252                 194.11              1.30                1.30                
9                               31                  37.30               0.83                0.83                
